4433704025
3263829326
4916469066
6240611112
5566135246
1356895715
2830869109
419638730
3222055946
3204837840
2343879696
267062347
2806632713
3925872123
8038836818
4509412559
2572609425
1789111454
2422302286
2260649048
4775815811
2775068620
4328469705
241347441
473424713
2398922618
3643684044
2089555297
4442760686
1028982826
6331511
327944239
2637909455
2944619397
2269418002
2322046574
2882589788
2644430445
528726853
34728392
127480623
4525339446
4145970273
4867368731
4021518793
6692176291
3021028400
1344692842
2335504881
4437911722
113737410
576768199
3036596725
290982269
3698636872
477869357
3475005101
4673314291
440190907
4578856261
2536787269
8141029294
7245397716
3185662156
1554086730
4603628963
7162690187
3667157255
196521598
4946401409
3462167010
2503091968
5108562132
1334403090
2549946671
3538527033
2470899884
5774624102
2534904279
2884400562
2554929458
2065349349
3952790386
262439544
1813597483
11220707
3016708786
77063034
4074903180
3145869775
957682378
2247174236
4156088769
6129698446
241788774
196371457
4689003496
270684372
6960441048
3171066023
4976280202
4878415659
4705552913
342092288
476444908
400562847
3363750526
397815951
3679407035
4742814797
211402278
4755969767
3804173846
4859059617
3167800962
150582765
3848578709
4727315205
4637931300
4598104098
4046952585
4232844448
6769024927
1847245312
6993549521
2573969957
269440642
2404046478
426065353
1245194315
2537119659
3680138
3351357065
4889806295
2580707208
304450431
3559429170
4309585508
55438559
60347149
4717759280
2137071442
3708266246
5608476880
171614657
3305107222
6151897522
4359872414
145424240
4199589368
3646927481
4447269544
29850055
4493330346
4557175287
2131732576
2678343915
4450153946
3660826540
8158019748
2218609886
637245791
2504010674
6776555858
1342766791
374538924
2244551043
4213107150
3401548798
300577374
4983722231
2969948674
2121234287
4909512111
1662261486
4694375611
4166073903
1447077067
4478363092
358771859
1720431026
6253003614
96669857
4833952388
4970968773
4745021716
7024546475
2077649684
888425986
3827183336
5447844412
2954840987
3885034832
1342407554
2508843920
47136688
4815358491
2971381841
3159447439
3579131288
4792813818
2695085862
4351426633
2898690285
8067143747
4569926879
3424934891
5923507305
2572988623
3879971251
3384528359
2494519396
6274389805
5349069500
210713758
3124455694
2434710077
582899605
6462908751
4755631633
6003400894
3884010975
1191338263
1663751778
6022108522
3915181249
2778832101
4750766294
2596293451
2295489839
4855045103
2209766109
199413509
2857558098
10919429
3301438465
1545049746
3259883609
449775807
17484203
1213185795
2056042552
3609377404
731443193
4522422148
2475544216
4500795424
2896640216
7735272386
4862927799
7756821586
2979914158
4828143860
5248756214
537968424
97731718
2910885196
1082110795
4839471901
3827171692
4851268802
2130986011
4688826442
360614682
2573138540
259611216
4947321869
3272071680
3457210101
325480786
1395410911
338096053
2224836155
3516285214
494921598
9035232
4721533619
7735129098
3070036584
2229571601
5172704250
4915029510
4932959759
2994205788
4013937506
7018032339
113109101
45756278
3475092236
4725672154
52446935
7700080810
3745451546
3522749949
7770185546
1282392036
4870438924
3561635009
2772946659
39436957
4387675829
1022975728
3402059145
3645350123
4728572309
4931356888
4470892454
299193125
493274225
2616402277
153374075
4683961369
4901256030
3849580150
4871416563
1798209205
2441818175
264141937
4752790409
3195188609
3351596152
2303951441
4688193042
3351586010
417951306
3376741717
4645676225
5960769829
6439261679
6215043582
3712923460
3465311847
4768359807
4604103482
4920323820
482830610
5104045
2607462776
7716888988
4813023306
7151177989
4491508699
4864050589
3117944475
8084675052
6175408029
4693817690
3030954073
2271755053
3788779998
3722449720
3336361161
326280022
3409347172
3772528949
3232470286
3726700898
3427118504
4624487350
4727473684
2288314045
5960638447
3914088687
4450688406
12393804
2264439641
4463883091
170947689
3684280516
141841337
316266025
74759622
2875583266
3455898176
3576536763
4459723252
2990471798
324379212
6824212178
4566562284
2385871317
3350785999
2486490836
488089932
2900274587
2656688132
4282923962
4083086047
2421659692
185019676
4016499639
2902269566
2831578193
2479162876
499340051
4714935635
2669048370
5771011772
6447367291
56494233
4334332560
2299867034
4671497717
2324842075
11337976
3658643976
4682354270
3993556784
4361061763
2872806249
498444334
2302955243
3613424631
3670075789
4857838482
2533414541
3701291852
3081363964
4125454115
8204629082
3484649669
1578355853
3354350137
4889385580
259314892
3893021168
8231853822
4350421837
1517340899
3016244153
6804390530
3395867984
4425477742
3642570796
339800370
3706019259
287373328
2228619706
4410657516
139252428
10815824
4740271279
3339747039
4478669459
3861380798
5749795798
1561246336
1478576516
6228559981
3409740108
7345191578
7453903222
3301854980
4379576356
134283905
4840742835
2119283186
4802006392
3728976215
2524947025
4805576162
2586028627
4794461173
6180681091
311278382
435802277
3245504245
1818403842
6801411052
2638177115
2870426310
4018317730
4888307519
3376222719
1562478713
4818829454
4274214534
2872197070
221597303
4454997580
3736561898
2252722473
3460936621
2076524082
4694086907
1096305461
44201115
2725655872
36995794
4977290545
6775386632
4493008657
4091988669
6335146496
3630641436
3097956754
4849249432
8005292930
2066986243
735787579
3332202255
4871649486
3241726740
2084157130
2847281670
3282434895
4688592538
3732420759
2284231661
610825957
4826025184
4851552952
4793562214
3883110262
2331755236
118708295
1876536922
2582413611
1290571209
4764604982
3421129418
294391131
3430782104
4470208353
5582659196
2650620212
65298461
3805204469
3939554170
2822148499
2289283018
3856153247
2355880294
3712720433
1240297429
1446053356
2978540629
2366166967
833459429
1553023640
3374265095
2340111592
361183669
2961320666
3467179961
3848372359
2158247955
136644885
160210791
289583589
3968045166
3474985112
3343106500
2745656473
35929050
4569820950
4070693418
4798449978
1026685415
4831412806
2223272586
6937493125
1875237930
4078839852
226685261
624742559
981727078
5941812271
3329796982
3113105156
4739645879
4733528296
4731609129
4703903704
4589964880
101001624
2504991916
3030728199
3443404125
529101401
3349788466
3043908909
2426047791
2173115233
3718007650
1433259849
2930980889
3501868312
4865205856
2823075967
4665612496
3508637029
4684623658
2541583449
3671950830
2115620856
227000285
2440300227
6083027696
1452555387
4349185080
1935109593
3462064866
4510809964
2752919987
5823013198
757687868
5144840876
441212506
1235685934
2923497185
4479587916
4508508210
6275746867
4509790721
4891059394
8013541498
3182518247
2276120079
2708582445
3947306345
4267417965
3560771491
4771908421
3564007203
7992914279
3319723910
3213992947
4062259729
1378557186
3622752371
3877444622
320246929
6200828978
2825932918
4290265214
2324963565
2709359730
4711903148
4590504263
24053752
3471117376
4718954099
3393274529
1304961697
3174156702
3562816250
4862594943
4782776184
5559471351
4934545750
2315325912
4504942600
2555521861
640409060
52480875
3516960094
405331006
3365049500
3508051251
493621130
230486268
4696281191
3413244848
3753441362
1685990174
4508983604
4603546829
2610447973
3963089141
6917516932
2761599088
7443809320
7000016959
4695471709
4455816629
4929237993
4979134930
5897488202
4951131390
3532205154
418112325
4365033584
7988586396
327997381
3662406028
8183107966
480108902
6131156900
567921691
458884858
55389857
2430085858
4895977486
3767982481
899079053
137453678
4755963161
4639459528
2089340439
3202793609
3582362126
6233621366
4302494145
4770473055
3103185190
4738242428
4563267532
2056377805
5706580028
4160524549
2271099293
3678100844
153963868
111497985
4516260364
3348191949
2715035273
3242228425
381759521
4872766179
529420150
213216174
7422345584
4691117837
4876652032
2387900324
2365727980
432869272
307040440
4299131799
2148695079
4801369809
4814816650
3179498084
3873794156
2592495886
4966813714
3539447637
173742923
3726980861
4856940447
3778077349
3246621383
4683340079
2200875336
4565356389
237726613
3452127051
3757332635
5034482827
3064443326
6147066205
3965588075
4953862462
513269597
275166661
1009434119
4959665294
2310233145
3006926228
109260216
3182558164
2846985581
4824709515
36030175
3233596490
3650111717
4942720878
2409597310
4637704411
4902416291
3658279485
3616771728
172327171
161905204
3051998298
4660628405
3247385464
3584907869
2443241477
3325157569
2652207781
900144365
1440024115
131122346
4730167124
4857731388
3239709584
618797331
2533733805
6491219799
3420278866
2917527717
3231596071
4324845330
3527325633
513116697
3425071001
5806326544
6210938762
7709055992
2100816230
3286017638
2057262566
6589857247
28318358
3387994674
3524816739
4860714178
524073179
6181621171
6945359615
101362133
2869765795
208062991
2448741990
3009018821
6871582253
280608840
236223192
4324771398
4932970587
3360730513
216696529
215405524
2043989659
2730938963
6121757226
4960139534
4880140370
1053243591
3578841731
6315308573
5761090545
4689169924
72008635
11214205
3896878460
5420247403
1796608106
107022557
5804672051
2317077597
4923601195
6206340700
4808564802
3142787646
3399906919
58357057
536904709
187780595
3571039224
3371919733
2362068632
2929405404
3326086533
4837051771
418913834
532894823
4951686898
4940604843
4758481555
4873072568
6678040861
5831085623
985067019
6324955861
3681172959
3583258236
4201783749
199463720
516433137
2956895529
4630825353
6554989899
7784949770
4910169752
114715590
2667108760
3562169000
4109591035
6056788662
3856157065
2705920066
4688493146
3138562460
6656520757
7194590496
3759993037
3779116045
4814450631
1821672488
4698152924
3085331893
4852825505
6826414310
191488669
3561978704
2980690446
3328397409
3199460792
1918789327
4202372092
2193223202
257713504
2310336052
6844253986
4329180364
2903891780
4681388085
2473956981
2245918465
2527713011
4267222130
2850719435
5092280437
2699125097
174466741
7527739826
1456630952
5008951909
2090327868
2720190418
4852389235
2334257670
468709485
2963949355
2017276266
4835689161
7999356691
224369028
3432656291
5925545440
3994030417
6872204096
108149945
6754889771
107582366
1405221276
2677614492
218556922
468697082
4771381994
4750244652
4452450137
3434452829
4936169836
2102422015
3582048078
3526564503
4921075662
2537030709
2966190737
4537322302
4854738791
244399048
4811949930
231584770
4967475041
2809218945
4674900927
1481062342
363847768
130163559
4459462025
5732659631
4117041677
3423225860
7057098661
6561671973
2319539346
104669470
4594419386
353913
4479330885
1517721825
4194543575
3827227200
2521048583
6205176022
2878190821
5925545184
242559369
2777021428
3362049454
2461641877
1354318519
525649435
137231942
3061422245
4692226909
685711383
100207720
380808487
3322120108
4296373889
4651200817
6898063797
7173663269
