6826571981
2722957422
7252718418
7503630432
113637264
2711802560
1225687681
5215150958
4383269886
189022647
4267222130
4763859840
3548430221
2634907858
3028561714
4712604889
4927774336
3208188198
4531897566
21514026
944860697
185188962
3187801616
512031915
4264591578
6864443626
2378791487
7177860808
3079341641
3822007440
1509274237
475042270
3996888830
5507574163
3086790344
2366306683
4707314246
4475326892
373001890
2326587605
2497934789
8169920396
2354914657
2705921240
3735801713
387697067
2441818043
7147639585
3208999896
5783876648
4932127810
6892084963
4814386409
4095222516
3700554247
132489044
4638839630
574306153
2428275562
3050860568
3756739471
3054989420
760702109
3731335528
129602216
3107592525
3366105287
5843713244
2888732432
3470711198
434932657
3094568845
6561536991
2759879165
5679390502
3605883553
1312954382
4289221907
2856769919
508838116
816084977
4958323824
5632141892
51148570
4656278976
4631476946
3027282153
19610188
2230140329
4603555535
2234018985
4562489789
2527303359
2661138991
3203653804
1501811302
2133199628
72008635
275168455
2110357944
1302657647
2225231022
3412822878
3723727436
1516714577
2230396241
808877347
2603033456
266547962
7849579912
4570406069
2354914661
1393424041
3121881702
3847619635
4985197970
6251342111
6082535291
2975073156
477990943
4313255436
3130970054
4923472130
2717373229
5238492471
135608578
5278036761
6887015851
7498713846
3069937639
4500680119
573946592
2714703706
4649865586
7032696983
2393911878
4443084131
4535761828
6376797975
3191805046
42348693
4659370314
6275746867
4896595765
1562478713
5950363786
5973146939
6617071067
501960549
243015377
2789937754
3344411431
4691873312
4334910609
6962651246
357658747
5672704774
7173234758
4489839598
2525228677
1536597926
3178300150
510711623
3147567086
3212599897
2587106431
2832453252
5821457818
2623346840
3575330012
2355880294
302241178
3606846822
3117944475
2822891602
2493699743
8178657114
6824701719
4715269800
4637951374
267593659
2716718260
5445530361
5615077255
3519233693
494792770
7396385574
400949109
5921628407
2914160252
870186901
3550255426
6273518057
409001107
2449973721
1250854171
2699125097
6310122280
2672705063
6309782007
7199683822
4107419112
4037734292
7471071992
4611115315
3592968286
491321888
2613889835
6296741028
2490863987
7979243971
4747766224
2833888275
3182121297
5452434213
6878448774
1889535339
377213364
2771039423
4665584226
3268443910
3149894951
48296285
3446762868
2575887239
4550534813
4943694034
4444360528
364282261
3139289763
428485639
1417031097
4447160600
3373946160
3747543364
2414325960
6258860982
2540757246
3003691049
3395055139
2112661738
129981966
409220780
196522488
602612183
5821457712
2701892929
2884092603
7968277152
5676780431
3498417123
5379229830
484280924
288776839
4766439161
3286620180
410042380
2200688503
4784654965
4490814834
200875615
918886676
2483993772
2385000670
2868652721
4439029503
2680619645
4741494498
4631334859
3353036763
3064097919
1459582913
6254090796
41868213
1799256185
4970739809
4978987980
3601843201
4494282798
3225296260
4915259885
4688342011
3287415664
519259595
19212715
3558796959
2638512789
130163559
5705242347
3561314880
6964979447
5821273614
2332540384
86120569
4846961687
485296499
311619377
200797624
2211495714
2833582518
3568505408
3798486812
3544669026
4710230329
2115631346
2807545270
4965437220
4791513183
509912302
1245022983
1489286545
4753498346
2512587682
486300784
1165334998
2737097000
3684518763
8146641506
4794460787
2881097092
4865370824
8179518136
8162827459
3437034427
1553023640
96113759
3827301652
3116412402
2531837969
3800969923
2752919987
3616949634
4985424423
2916251587
4623188792
5904096092
4832759582
3618525295
1094671386
4528553764
3113682377
4768114318
4717504849
4909512111
20354191
3356938707
2627181671
3177799416
4673925880
4271287940
482088914
2407865161
4808709546
2142232919
300500054
3971415488
2182050469
5319238490
4907785038
4891182729
2382117842
4199555
3837143758
3665441862
3744182161
4591476340
3289433994
4254863635
4941680934
2774548618
3172369593
2198918037
3254993045
4797991515
474581065
7455508610
24772114
3192645199
6234467033
3030823649
6294582746
4857583977
485357535
3403797144
6387209003
4829028377
174040619
6020763700
4864024799
3053791069
5608502395
2199710546
16806669
464527562
3412249548
1000092795
143552829
82681058
4855810908
4535251327
476319548
2602085456
5882565072
3081734118
75902723
3498914375
7692621468
4685031064
2547366477
94183012
3323498985
2573535658
3373481779
137453678
4940783819
3456579559
68897277
7751796926
4436781562
3598128992
2317417015
383051932
2600883097
576920249
161329629
5404607703
3174713468
3485831520
4616068657
2728486640
4805584627
6243067522
288351324
2676015068
4129768323
6879494312
3956420030
7329031116
2949762776
4593093015
4444686770
2900213085
381514859
2516172139
2064790732
2550756380
3815669424
3405759441
4470057820
2502250148
459996676
3333039854
5511459001
182013889
2261264620
4786170253
404491917
380537190
1215804065
3015487184
3393035454
2911107495
2856700762
3118425885
331557517
4900807267
2061781501
2794605643
2344969116
3560502528
1084040636
4441980889
407815946
3228793611
171614657
7652712058
3328387307
4930658209
2517284816
2679494234
3374054694
6454057197
2752043092
3541002184
2127031632
4635771697
2187222896
3498423815
2705925646
34453650
2966221503
686550300
4486982499
2587818583
275618737
521292795
320199845
42160866
1295698260
335530353
3005123298
8107925709
6788553859
3142675162
4696332335
1104133405
4782298436
4464227525
4600972102
4671668474
1989145280
3444684583
4857776520
3099965396
816898146
3583258236
2185509485
4514553168
4020631259
2297345744
4812040741
55903788
4196155263
687622658
369674162
3380364224
3533660418
132991765
3846674484
4391092093
333214858
2720167660
4983722231
4914433221
4783274856
4783077148
4746460091
220655860
4803481099
417951306
5767811093
4732499821
3224578187
50766676
2592053124
5092327821
751109943
221973402
250892549
4963905246
371903
3084011028
1358089136
4788967636
468709485
7015055
3138746531
2227599410
2920969723
4939698838
2496523295
4678130554
4945381466
3334866049
2613209320
3596459539
1563731247
218342358
749840385
2932395753
414574330
3500218173
3948611540
7966143612
26690039
2714878018
2102909744
491964988
5241718422
4488874349
2525298345
3471500645
4631421666
2584691004
8154705592
1051953669
2013827826
4592427648
2664870203
254148000
3287760645
2960095850
4940152874
4986907081
4125992235
774682914
4831642430
8155663151
3181328245
347186933
3009018821
4448853264
2953015871
4674280878
3712923460
7602898434
3495453699
5400154
374103776
2133650765
4730076543
4351638784
2603743747
3708266246
4107979730
7157359077
189244453
5014752481
120538235
4979928175
4036388209
4808271472
3590753142
318309410
4077598908
491496329
85306254
4712411908
3785465924
4897078710
2304938797
7690660482
3815075229
5871124252
3799987586
3119517310
2325025735
7729602624
495054019
5244864049
464761361
1410039760
3092370204
2766726291
3869207554
2537697530
761397426
371902
2998185688
4814584955
2653853997
3838799029
70995350
2064841667
2542304168
2666078276
3409727957
2969545002
5796947698
1450988692
4865304495
3401039304
3427301653
4558719211
2231245129
428927040
3694093650
5762731952
2578161080
4656231658
1415455940
2501742763
4695699161
3983980965
4493639153
133684581
2827549989
186346360
4453893059
260217340
7636805298
5340461911
4243530880
2244613488
3128180391
3826415995
3126753745
2281006675
2598012140
296873864
3090386315
274646416
371121323
1889398867
4665106597
2504764590
3670075789
2347823813
29320965
2856923934
2326669450
2686141763
399676480
3613005134
2270649560
3458625738
81641
4789384235
36142198
3112964916
4824521051
285586547
4718950442
4923715829
2798355269
3351704877
2283966256
397547349
3515451715
1054620089
2897141031
2240539658
2909982588
3774410210
19570587
7577634482
2444339090
4467634558
4758561233
4231494400
5971671598
2631553625
2754898893
7154224949
2507349105
4793246474
2716744948
5696549500
1426014905
842961005
3759492488
344841963
4042758072
3215913313
3698928883
241346471
4470667650
6556870225
3544233095
536718060
4078860212
2322820623
4302493227
3638688673
3244586044
46921818
7832183018
179717373
3566826511
347922862
2092177624
6864521935
495116214
2980445969
3874351446
189478619
183502317
3133403457
4941361426
2158267555
2199793371
3955157194
946051430
2312746782
4415963345
3726168984
2193223202
3421547427
2582390123
2340467281
370256193
508958120
2573009825
4773735551
5761090545
239453674
6965582571
2788183053
3733511876
3664860861
3841641437
2358898017
4105945751
2423292784
1095590286
3053916979
4514335001
4861232893
6738026527
7688010340
3298573714
1084527029
1044434135
5744253993
3057432536
1001573224
3295024992
4822562213
3396625253
2932519416
860928274
3930187102
2568417021
327142149
4488994542
1016626169
35477421
4349185080
4946986337
4688194296
6338544926
4329182834
4859528111
338857661
98492339
291952021
6864445068
4898694629
6214239936
3442242092
4122645918
7345543488
3723850224
3396043950
1440024115
237168242
270684372
3623331945
2748729903
8052328504
1483784737
4579972123
3073535022
3595795155
3489014985
4361644383
2884750527
16448369
2521938802
2712787899
2597308074
3711346809
730414057
2192411521
2898810636
2941340576
2042894614
5291335711
3100115206
3797123205
3737539561
4501102617
8156336385
3110614694
5954497151
2785108434
4604078858
1523800748
2144049642
118708295
6212337902
742073622
5152257091
1174525839
294549892
4905858282
2198494923
38541144
6939695046
416350089
7512588306
3021318991
6580690359
3837069734
3765374230
314763537
2657484284
3716272233
4604563597
3032235201
3583903436
417024751
370162396
7958174552
5721530415
4280301189
85707689
4349957393
4850359729
4912060281
3415113018
4920897810
3247423890
3437522515
3051998298
3632225464
6476945291
4760466704
2488783398
278776089
226115048
3595956590
399226846
2549253807
2343879696
4533797732
7556970798
4815358491
295402802
4440406136
2244594614
3655074079
4537666932
3643971203
3943391155
4435179084
35929050
4531262467
6386880789
2414136642
297285273
420900246
4316023148
638855308
3115901702
3511062827
1396703063
201995559
3824938721
3368607300
3503689049
7712229454
2537584620
7421074812
5831994264
4918785879
275162158
7348157814
3048461682
3669056658
43499667
1674493314
4440322311
3372022051
537579448
764507
1363924449
6090766940
138043357
2343886894
2373932560
6201072279
3033668641
7355491286
45756278
198456565
4615061039
4756001265
4445556540
4440310504
2872099696
1764955991
1095109931
2646673527
4725884184
446291803
1242629236
2446924427
1409731198
4097554482
4983587808
460188299
3873835329
4886839805
2315418282
3321334180
4548082171
281076795
6443142639
3334987711
143237785
2461641557
26653224
3441965806
6545162935
4780590314
3710468717
4435154906
4510551119
8108431722
