3126795109
2483783092
4357165525
3064097919
3612485097
3804173846
1552467862
2124926718
143684568
2770438285
2255342813
2092197560
208053776
4827261484
696663662
3210419174
130151401
185019676
2862676319
180150786
3178442303
314821286
2721656220
4705854511
2196862437
488437872
4802006144
3583903436
157616263
2637670767
103625356
127480623
2981702521
2646345087
2992999413
3312570563
3918176647
2771214516
3090593241
2687529141
2815027292
1388373425
2215875786
2932740428
2624457062
2974587819
3215695965
2285152690
3556037801
209073498
182493240
2274992140
1438632858
2243728869
2390134107
4894267064
3756112747
1538738682
2781920563
275909509
3035785330
1197800988
19796500
3502343542
3597715122
2378791487
463852657
2783430487
3501457496
3330333217
3356642567
3176072448
3474406285
481732592
4852389235
4699379376
2280437733
3143754462
1280499679
3626325621
2217244400
229352841
2168809436
4243530880
2480158575
3848524309
1500989694
3752991046
2980983951
2542662402
228879479
3318207541
4050916276
2319181371
2540751930
4533655072
4925906360
1409041007
112178718
170701864
6234467033
4664359066
2112921744
2319917704
506115200
3030015033
4061703371
2373234213
2572817235
2164665069
2502007071
944374205
4766767528
3132708822
1287064529
1436760519
2434694631
2838920834
2911919938
1947255786
4671529065
390899859
4056514744
8251170369
4705586720
7745071706
7355163918
3455757720
3426933951
4339049338
241347391
4926719517
160500826
2229737667
241374292
3049312788
4635771697
2456472092
3251648670
7355485826
4931229672
4555536027
2983889345
1269844288
2000387055
2917480555
2057898230
511814053
4891825066
2622517932
7357208586
2393059551
7692621468
181777261
4755628405
4749092674
4499553575
2495204443
137861003
2972901053
1521623639
24355644
518789868
25589701
3877444622
2275214054
2053683299
127450902
2309327462
3394992905
2102422015
265528702
3561639055
4911612023
137231942
2987576188
2210065293
20977655
4653328697
189479565
4645730257
3275748918
2774554310
2421823977
111908743
3959371388
2750709242
241347441
2348491126
1604212051
3958553026
4895977486
1287982439
3376225971
181157221
1260816604
105335409
6231758027
383918000
4668347021
3728164558
1821672488
3635915412
3422146099
244571201
136358691
195226258
4697485356
2601008162
4212403138
4169982872
2366522060
2837908308
4889806295
7618167914
2715498311
719231347
4429773871
94062798
4689717490
4647449215
4591344824
2366958894
268293751
5757492662
4268485193
2171576939
2202443907
326334188
4503700618
447733067
229189301
2694890967
3016244153
4687713681
120778976
193945487
3395866552
2974501005
133280380
2421965120
4654264126
486712504
2542282004
4655558667
2917463531
3395173129
2221241506
517942470
141734985
4179301928
2256218522
3938365030
2060904593
289742991
3712720433
2531924570
4107333458
138718600
226631401
4980433183
406248253
2081041537
1564614124
4575508753
2286235203
2563482243
1327764519
2363100645
2317271
241347803
3620565950
1388970365
6897760270
254295381
2896464687
23008340
454686980
2247174236
258275599
101093029
4932279873
4890458723
3242007318
2599307555
158982617
405703782
1919433649
3809023459
4525819719
1032460886
2080033499
309771854
1398766312
1419062069
217330024
2763601657
2113996953
2095078658
3196100539
3890223491
2282522980
4981985159
4452202808
23015940
352016884
2666179615
3437758644
3983185073
2516649032
1429714512
2419186511
2680418020
2206594874
2342055949
2774362575
4688194296
4948224114
2719557723
3086848252
293809422
1497927568
2111061687
250343744
164622257
3516710738
3560620846
8178147905
133087820
3150315970
3366904106
319750026
1394368714
101859883
2501232125
4653140129
3566225740
2344898759
410604272
4413446289
127685074
189519520
2536853263
466176275
3362189985
1144865997
2279380309
4688958106
2140220291
6839530214
3368379417
1717077532
204886976
4773735551
8134819890
4300949836
2751466788
3208020801
5608476880
121197973
858747984
2836696661
2195419145
82681058
2642688531
33394719
492493570
4524828504
150712506
4777223820
4948635454
378398142
4153903524
4819960206
7162734265
3247423890
1394276597
3898684147
181876171
2704407589
2532262109
11338041
2115525592
3442272060
2450461962
2650568697
361092202
3467843559
241347635
2117004715
4719638239
2682546912
2599255633
4552785903
4258465084
1386994947
4737602081
2885861465
5732433781
4978377853
1664475859
3181328245
3982607071
3673661352
4822103838
3417662443
351765604
2396669903
4775132222
1499928560
116382784
3352791995
2863186021
337647771
523692399
310260324
2799871904
2241665783
1362539060
315109813
4435598180
3079786914
4950715878
5426416610
3088979938
2282600972
2339164918
241346215
3225984916
2344875609
446902008
2233426944
3600909823
3046431231
3643971203
2700625647
4627601777
4453921617
4540719607
6650775357
23714402
4850823449
2039457436
2429505595
3700377054
3485240754
4865845932
52510204
2497608431
4928593125
2339530872
3799708677
3553476195
2862704719
2079499010
171133671
3693297007
3259229498
3441399292
2679015215
161877800
6003400894
2727715687
2909081008
4430003521
105493628
288261862
2994660180
1213185795
1142916102
2360371074
2404560299
3204579636
3259225196
54242432
1051953669
2341080150
205682549
2759596272
4831421234
506367606
2191788665
4897526581
2741465534
21833287
289638061
145291221
2889358507
3970645691
640409060
2412152032
1143882946
4689083291
2126984420
5060860492
3627929314
336579714
3672057606
2074835945
2389278652
2675643250
4030623833
2095007523
55473406
3470703538
4174409888
2242178517
2525805067
3883110262
2191329761
3498157589
4160672903
3099923914
2187904131
3505657604
5996795291
3713882697
1415591512
2558823972
241347611
172092464
7784949770
2705925410
1094671386
463978865
4357695000
4453784684
3308171165
2316704473
4763916790
2524066437
266316342
2985509443
2474918824
4718120804
3779116045
6947639624
4897473911
2707969386
209900973
2596900481
3362049454
2469827608
1693120546
2087764795
627714170
4934545750
220747961
638855308
3074265400
2895548671
104763189
1432411014
2612027851
3004823335
4525771890
5220933373
2623939135
4653258614
398946421
7443809320
110671345
1463946109
1415310632
5062422406
4512324065
26690039
3884704036
2642336024
2147623140
2605373150
304988555
1368383637
3328397409
1324816249
2460159430
3668413622
198456565
123501647
8209386413
264928854
4631205536
4751249553
4475656804
2097403787
2633388235
1432342377
3293974034
432248727
134973484
2202059975
3223606402
4676792744
189721896
1398613231
4520180621
3610051443
3632225464
2588456052
173906610
1544836085
444047125
2489507137
2182488373
2601775186
2951750234
3484906808
303103123
3577928139
617999370
23018702
4807594495
2385079235
3616846215
2422635080
7718605530
4330613254
2862306612
5249006378
4532518749
4111392499
4973530552
15308702
2635400219
3692154582
2661641497
3856963802
241346260
3965161439
2510560080
3310551665
2658360285
3331398264
4982004148
33108590
5381043991
2319963351
270816949
2687672606
205371152
4349523799
1874520584
211026975
2753157857
4633043171
4524227478
3356284586
275854401
2323167250
3281610068
3442540072
3255486615
2437799265
224998257
823696468
4399452054
2230363312
348223687
3486154327
2514581496
4397972067
3564007203
1614698671
227181630
243162937
2218609886
4567352607
364369665
3186662364
4552608823
2676648667
6744212617
2713382349
361565925
22928793
4912476644
2576878141
540721368
409468643
2328104318
2922973230
4183662919
144328407
4435102887
3150742439
4014210988
3419197575
2316985974
1414520123
4567985140
122427967
4463461957
3971388640
4673937284
192475213
235834122
3046312861
1144946743
6955501424
4796732957
1418257247
2470899884
4921350374
2246522206
377291253
4591476340
2127097896
2168723623
1780262510
3335049445
4860254827
380590140
309612584
161669933
3374223949
1184910489
4153140979
6273004053
128404184
1683444418
337793983
2607383384
3871253919
2315418282
2151514290
1889398867
307280420
4553845101
241346434
174180610
394161692
4254302719
2402088539
3089862485
121551810
567459261
2214780248
154873964
1175268298
7245397716
194166920
4021497368
2194466679
2561751298
2665461736
4780200205
2839038702
1957683077
7430282012
3357209547
2335071959
2101128963
5735645786
2194794307
3848578709
2133427475
3088922727
6166766593
2738381514
226538968
3060666355
2908391335
2595672128
4879951396
388913235
1095980313
2987588136
1188199432
3202802351
2839932205
2077649684
2615623392
1253264731
3103705435
3671851846
1026792563
6907789234
4457340060
437917001
4626556918
3204525212
2287313464
108899015
3682428916
880220939
3190159986
297535654
4872513153
4966813714
3488894222
4971285325
4689831601
2841196844
314685044
4970493577
2196023570
10815824
349393314
7849619682
1438769690
2360213217
1850901757
1459032057
2151300603
514102203
2354914661
4755772583
241347580
1558848564
1191423753
3315470634
4527840050
2359784186
139765126
2249783327
2428509475
2685727511
407569668
1063866640
3017871294
2324804923
2065300784
1441477578
4447269544
6261354929
3339751521
5006721108
2311881432
1924265693
2682382530
1837976956
7348289414
162839055
1581304802
4756096563
2445442929
1223671563
4480997710
4156088769
2724485630
3220399847
4859274169
2481001259
6247842442
5205100758
226539616
2576407111
143680966
4868582683
8041003011
226456619
3690159129
2577972703
4166168198
131114016
1562392511
2464118785
140557878
3571147934
4121365461
2454054454
4756001299
2425381259
2033696343
2252299187
4131034420
4809537190
4684591496
1429561783
164428441
1788886557
4542690151
6532234215
13061918
2857372127
6923312748
4076921303
2397903687
4961773023
4274035185
3720129024
2058215181
3504379205
3562903245
1299923168
2311690895
3965762928
2654943319
2860035355
150521539
2605095722
2351917277
213980367
4893673956
3103185190
2339273772
2931721215
4760159167
352008012
4480972884
3147913471
2555511067
491600485
45934206
2149968397
3286406057
172327171
7036852925
1454217779
2612150724
3103292929
2338572904
140526327
1303548017
3625049113
1438580125
1215318051
3644945293
3662909101
4833342189
311146855
1262454669
4544243028
2316097768
1012150929
4107474314
2230134548
3186694070
3627216820
321623905
3910160149
4071416825
1010087623
2394237885
3534376990
4288768841
2710698257
4353702509
4941462036
4584341152
2630948997
2256231539
2966190737
4404273714
1145145003
468102269
2146640888
1989145280
6861028771
3355683198
4493628129
2446928343
2086678529
2181846120
1472550839
1034276567
157490554
136645716
241347547
1370615506
7702108102
2651080346
4191885641
4460747081
2339102058
3621064597
4697429772
979201222
4864024783
2444070322
134724228
26758039
444057017
2467803152
2210070009
1529044279
2537624884
2474092890
241345522
4520518550
141841337
2337578794
4083086047
2774025309
2064790732
2502835694
3970646119
3618932839
1296395998
2517553414
2677614492
3173157541
3489084190
4339049202
19023618
4815043888
318174019
1763020597
2282260240
7329031116
189940458
4043319999
130211457
160128865
2597958208
4912589590
164380865
2004674713
2225864432
2887171449
2306603691
49695753
2140305708
3582362126
2367317953
198409708
2545363449
130500771
4889242095
2524779834
254133261
1718184338
4084139686
2635483351
2502856739
1065323785
1428641354
4190689959
4486617530
3151492269
4376939715
2347823813
2415265825
2322593776
701383584
3110174991
5921627317
3722540104
2885388989
3184738462
4814019484
228280430
2234018985
3364202209
1078621572
2109038463
4511764901
4654943859
308014594
347543966
159712188
2107951699
3638577494
3246621383
40267450
5288534547
2441313372
2972999479
2670637584
3662865
6848969811
2257099774
4093912245
104180524
2498093487
1247181182
4917939779
129441311
2134495868
202174998
201965684
4334697926
3621988827
2226280160
4442387924
3266406566
2658178260
199412680
160585932
4718128553
4604151896
3240475298
996089206
139818748
1570723692
3533660418
2567145979
1030985833
160805827
4949488548
274917606
2157003092
2208055895
2705921356
7228557720
529821195
2551344688
3671206280
2448793019
2734669176
2300229745
7185642084
3455920874
2646116932
3258472448
1604496657
230016181
135444722
2911032463
3005512395
156967462
4925702921
4714879695
5521593413
2757835392
534318261
2076906555
2600065074
313326614
178249309
41253213
4546029322
271660510
2579490116
1232148178
5121831412
2772784124
2445654384
3721082512
4789374589
4656443184
2965189317
3240090389
2554081584
2105756457
3768348167
491495182
5139672263
3318927181
1066831905
2443384834
2349781135
2305313435
2354834216
1391386453
2925242998
107368840
3629492654
2113124815
3703960010
3123526484
3520936130
3078084729
3623650392
1879693922
4982224135
2601612082
2058947638
2886533440
2503996814
1925838315
3550348169
262817915
6809746776
4725689830
2584691004
4443088094
4931360505
4659723971
2386938131
2435804989
2402462857
2873484191
3158365397
2391094555
4851006985
2936071706
2503989120
3660361818
16793868
2655183854
1265343716
2343145630
358355700
138043357
523969517
458213442
6225843702
1499495021
2622986361
7817954784
3345025842
224026428
4696819207
1252787177
4702013646
405051459
3630332976
167282806
4944644486
220689305
225699652
3262301835
241347823
101958970
207216904
3093713234
5523001543
2284894733
2224790243
3514019869
1096800382
3285214689
2503169353
4937982786
3601305072
4313861353
524296878
2148747441
1462927288
2466420387
4684604794
4004035933
128706819
2429729667
3363342011
2198918037
2103077124
2522815171
2513216023
2188790173
2346401538
133267753
3509711173
1357724865
3261712960
2774554340
4862927799
3562537872
477869357
4980433858
2380740486
168131914
247470609
3477672764
3290025108
2575647360
264346756
4450360841
4346515394
1433154463
39024981
84819693
464251704
374746113
4751162239
3465311847
2653034718
270419656
3518334317
2528489543
726414
3371266735
3559693175
2238237729
2081446176
2178295140
1406296515
1013536888
1184340890
3731741696
78058719
4063590558
2888815691
2201050079
3756150099
2271755053
8008558496
2525232298
415603021
2705923038
358779007
24710703
2508512414
2540757246
528500099
4463063933
3267847492
4046071738
415604639
17314123
4300709050
3280104292
6042049207
4022410703
2170222061
2250713748
2492258999
218620913
397982550
3167800962
345684566
5019568325
353418934
2136514643
400851260
1160441615
2432061076
3106562372
203792206
3449846784
4691728367
911795495
3939554170
2399219552
4898538791
4718415992
3583105294
4081110739
2588912438
4861707754
4689169924
2597824037
1351594833
2603792708
3247693965
199413509
3195969533
2346564851
2516172139
2461641557
21138719
3190267445
224152690
2266142543
3532598048
331023909
6685838035
4891182729
2249912075
2877967049
4316023148
1761060826
6143908469
757687868
3509224574
258476074
5615083329
57422853
3552829441
58357057
4145970273
3446347599
3300643106
1196432301
2537002791
4826619341
2446928775
161347959
319847657
1483574454
1001465944
396458005
2266901263
146479460
2350646648
2451285022
2564331065
2862469183
4903291011
102575576
2603125422
6924031104
3827185280
2252918695
180476372
167452748
1100708949
3062582231
2854234756
5859913309
459284240
2515247156
3168293517
6497851023
4054215174
893808757
216778085
218442982
3205957766
1246239396
3103340819
2439663077
2317013853
2080474604
4114589329
496005787
238573199
3930187102
3969245655
3861380798
3550763985
2166120300
2176776800
21514026
47136694
2520799246
6187926673
2716744948
2496713113
120889725
3222032829
3910331006
166695748
1294431829
4473826637
2167711328
6548404801
371522748
3458379941
2504991916
2838065126
3294830188
2745588751
4546918010
2497074804
109260218
4855691043
1138784872
2350687181
2410618963
122634567
4756001285
2562347802
4689717802
4663401740
4476440464
476477265
2556650904
2461641877
3321033688
3525332706
3330007895
4717479637
6963176832
344398054
2804374083
2050067751
2496399593
2475162978
336674932
140430106
4939482606
222310878
1128230658
1065831604
1624055939
224369028
465859490
1572532018
2422635544
3241531692
2849292029
3455019076
4559151126
4931873269
2824004868
2095845115
500678178
1354318519
2288988751
3304763517
3465606652
4035351596
4979886037
582788646
262681159
265859667
2035511078
2344412916
109738763
2465441099
2273799395
2299859649
4450422489
1501811302
2284239186
3099865313
248482305
4906688033
2641049916
2847514745
1395107023
1107507919
3202281074
2720215226
4181865001
3432637363
2737409349
4088588261
203146155
242109387
131890223
370614244
470373679
141139674
2057160636
2780390703
4685135402
381748680
115275671
2710027673
4966118646
552498500
1280147517
3663307538
109544260
5761270577
166321294
4604403226
1597557856
2308491551
2807209904
4507548183
6505027097
2309860995
2266061169
4734949227
3391453209
3248040357
2917057791
2638512789
3528715437
2726887594
4603350261
2298661279
3328495660
7058943627
2231052760
3691394196
488408004
2049051050
7428316382
2141065212
1056338697
4011629669
3628184570
3232013957
428973409
3057862887
3740622839
611910909
4525289701
467858872
3335692531
2206501278
3209523192
4941361426
4734385519
509200598
213269168
4979032188
3711539753
1289352588
462725077
3242228425
7685032768
4564230367
3598128992
3110631369
2519183562
2326879311
368881750
260828892
463970752
6486182665
7015055
3537322
2407470303
6973013506
2565567340
8179353896
4970493587
2270490287
3618908551
4725695244
104669470
2937178897
1149286224
5333578
2174648405
3735771637
605691297
1409969752
3769486949
3110649716
1579198375
5336798287
2236851350
4913618813
4910057495
3970645807
2746943665
413045343
3808149060
1874530310
3516935867
153374889
2350565030
7380101140
8990627
4235671794
317641829
4809074234
354999632
593244695
124880336
2249865945
6692727651
3163068926
4093748512
3781326288
4404978183
114722877
1391394685
2421659692
4824819367
4971648651
1082250005
2363520556
3150666056
2758690568
1522291943
495947436
2105895823
2064046067
3086405249
197107117
1335519498
2388533183
3714944415
4564119814
2413495734
2257238490
3713265936
3371533654
4696679499
180209719
207930963
2312984882
15641879
2272548482
3213622536
7804907374
2856115343
2285570521
157955034
1873155511
192786590
4859018669
12379850
212155635
354854558
2047471190
3629489568
4223855717
3856985464
3545361993
84514007
2481413714
378969539
2278766574
2415402073
3435015880
208471765
4127569424
2312746782
247637795
2310126952
3221036999
2544134113
3255017708
2747637478
3592992234
3217291172
6552971469
4620131873
2428912710
5757814392
1690350208
2107144323
1562478713
4677472934
1409784126
2265096094
8443156
153299765
1009692167
4545323253
1088767354
3500147750
2470519984
275516348
4145726727
2375872999
2819000497
275176054
2437266971
6990611280
2774548618
2247645547
239453674
1799188614
3327487011
3098100726
2060031241
2387197355
2087423271
4693885900
261883591
193597277
2600062536
3259991972
2132881811
386640177
226642878
153106887
2228361155
2663732963
2201978994
464713225
3600216153
134283905
4486660330
2199250692
2305869802
4406996649
185411054
1969573381
2452686995
2085284792
4675170500
4840179259
237726613
14526359
2786423708
2555545571
3541915243
105342180
167063396
2821356536
4505835829
3043904009
2688848759
2469495561
5218106811
3852276745
2271671533
288406480
2366421102
4937201390
4468542868
1448065625
18638962
1158505981
4078113886
6944134083
129860826
3288839246
2660480624
146758244
2069390245
2644920808
4728172600
2643601560
2610183392
223761052
2038335029
2585429487
3019199755
2265106886
1482960952
1213336750
24815360
4570394015
1317156
2705922148
2077433632
188352363
3687062281
3087095548
1501438486
4760173070
2097398349
5532294954
148314924
155515294
2125356719
4097300324
5590283636
