2804374083
380515798
6944134083
10188041
1262454669
2460159430
4831421234
2173115233
4685135402
2071273039
4809537190
2322593776
2715064456
444057017
6003400894
133087820
4975536758
2661641497
2564331065
4631205536
2311881432
2994660180
3455920874
2847514745
272045297
4512324065
135235570
3735771637
241345522
532057410
33108590
2895548671
7036852925
6881071903
3099865313
1488937076
1246239396
6685838035
911795495
314685044
1650280501
1213185795
3019667009
2346564851
3049312788
337793983
3204579636
133280380
3294830188
3202802351
2000387055
57422853
336579714
3509711173
1294431829
3304763517
4948635454
211341511
4884153815
1149286224
3435015880
1390436676
858747984
24355644
2363520556
2281006675
3356642567
3132708822
253924161
2182488373
463852657
2922973230
167063396
218620913
3072650525
416350089
3366424545
2747637478
2877189011
3465311847
4980391949
1577632685
6963176832
3378980591
4696679499
2704407589
349393314
118939861
2536808189
2738381514
2170222061
2278766574
8209386413
2588456052
3552829441
2202059975
2576407111
1001633352
386640177
141734985
309612584
7061899189
2286235203
200763637
2685727511
2502835694
4524227478
2877967049
4873542302
2508512414
2758690568
2349781135
3627929314
2783430487
7003917150
4734949227
2328616978
3621988827
6907789234
283745783
2908391335
3168293517
2425381259
2069390245
3354463693
3391453209
1398766312
2600062536
3562903245
4645730257
1423126855
2309860995
2231089996
4677472934
3227111573
2624457062
224882899
4587837067
2287887341
2411824767
5139672263
2807209904
2536853263
3017871294
182493240
3692154582
4463063933
2378342922
283677618
2609797461
371522748
19810652
2633388235
7673105012
2187904131
238512430
1919433649
1564614124
757133580
2448551720
7718605530
3502343542
2249912075
1925838315
205682549
3630332976
1358477469
2415265825
2541485875
3202281074
4463461957
4524828504
226642878
209900973
4676792744
5288534547
155515294
541063517
1045124251
2603125422
4339049338
2597824037
4659723971
2316704473
1962729184
4457340060
275854401
2226280160
3700377054
4774940567
2736169657
4546918010
1415310632
4979032188
127149546
2407470303
3328495660
3158365397
17314123
4813959713
4127569424
2307807200
3672057606
2423277850
4131034420
4656443184
1368383637
1124448967
2423550887
3740622839
361092202
2064046067
2252299187
4346515394
2391929964
3432637363
1414820925
2658178260
1100708949
166283675
2789150281
3578779636
33394719
315109813
2555545571
1558848564
3970646119
220747961
3004823335
23018702
3898684147
2475162978
2446830166
4553845101
241347635
348223687
30518628
3255017708
2105895823
2285152690
161347959
3455019076
3078084729
2316097768
218442982
3736561898
1126137905
161877800
4679111230
170701864
5521593413
1012150929
146098876
4254302719
368881750
4531262467
3645134768
3190159986
1144946743
4760173070
241347580
228280430
4913618585
2495204443
6990611280
2112921744
275854404
2230363312
2662840398
2103361407
153299765
2353119813
1624055939
290650302
4684604794
4705868165
4777223820
1428641354
7428316382
3484906808
3331398264
3545361993
2312746782
2780179669
2136514643
4937201390
4893518190
4499553575
2090215703
135444722
4694915413
180476372
2612150724
7355163918
3550763985
108899015
4181865001
4525771890
3600403707
567459261
2596900481
3601305072
5336798287
1296395998
388088725
3465473743
1374577120
2520799246
159845627
167282806
3883110262
2127207912
4979573550
2503996814
1497927568
4718415992
2646673527
3246621383
2105756457
205038743
2951750234
2342055949
3245390207
3267847492
358355700
2863042793
3110174991
2319389144
3210419174
2558823972
318174019
2716744948
2151300603
416825249
7364986488
4088588261
4702013646
2380406703
7162734265
2146640888
2298283771
3448490813
2983889345
4808271472
2260369648
3477672764
2700625647
4857153551
2754898893
2076906555
1034276567
2236059848
3657209354
3446347599
165173293
2502856739
181876171
4288768841
3725334496
2206501278
19796500
2862704719
2579490116
2429729667
1184910489
2366958894
149231190
265528702
4792596961
23008340
3756112747
3618908551
4630824427
3621064597
410604272
2626158969
2774548618
447733067
2751466788
3848524309
5121831412
180146696
2514581496
2410562803
1614698671
3099923914
4169982872
2780390703
4687713681
4708960542
1544836085
10751489
2603792708
133868556
3625049113
2324804923
4764136953
4937203156
4588654711
1732047510
3281580623
10957138
5526424589
2571096893
345684566
2941677396
2358554995
3097969438
2466917521
5590283636
3286406057
2663732963
2022338217
3505657604
208473386
1795151944
1454841725
3731741696
1355450069
268293751
2396034865
5797618847
4749181324
4443088094
1065323785
4620131873
3209523192
1418257247
398946421
2208631481
141841337
5423856409
4789374589
104180524
2291954537
2279380309
2542037086
4791513183
3671851846
2330843604
4607217117
3203645080
528500099
274616466
2348491126
4196910318
3315470634
4818385876
3504379205
4671818924
2065875490
409468643
4430003521
2836696661
2375872999
264346756
4937982786
427355665
1265343716
2800842386
2221241506
696663662
55473406
262817915
3553476195
7329031116
2422635080
314821286
1388373425
2255685792
2774554340
5761270577
3215695965
2687672606
1463946109
2339966133
582788646
3877444622
2707969386
1552467862
4633043171
23016091
3379839396
2236016316
226456619
5163986158
1679565118
476477265
169490297
3500147750
2987588136
2766630484
3248040357
523969517
3177468217
4766767528
1438632858
3635915412
3240090389
2994179598
18924662
248482305
47136694
2727715687
2166120300
1874530310
288406480
2646116932
1429714512
2107951699
4982004148
3148193539
2650568697
4755628405
337647771
2038335029
1371076688
2209751
3150315970
4570394015
3815355917
2705103507
2489507137
3421477759
4717479637
336674932
2225864432
1406296515
2421823977
4445461480
1761060826
8198089950
4760159167
2839038702
153374889
4826619341
3663307538
109260218
2759596272
4911612023
3890223491
4913618813
4742677527
15688495
467858872
470169044
1441477578
2202443907
4634549541
191652362
127480623
314940358
2623560640
3856985464
326334188
2113996953
1269021329
2213762298
118707970
3225984916
3577928139
3151492269
54242432
1287982439
4454989094
488437872
2351917277
3326204251
3654674895
198409708
2103982884
3086405249
195226258
3662909101
2194794307
3804173846
202174998
3971388640
3583105294
4050916276
3103292929
180150786
317641829
4316023148
2670637584
7692621468
3186527735
2882893687
4153140979
1634820545
4533655072
1578894657
137231942
1468429623
4824819367
6075991802
1486273777
1562478713
2319181371
4004035933
4719638239
3626475209
2705925410
3330333217
2655183854
293809422
258275599
2688848759
7443809320
180209719
4503700618
1454217779
3087095548
15308702
288261862
1521623639
16793868
143680966
387466573
1572532018
3167800962
4083086047
3616846215
6212337902
2917480555
185019676
2249783327
3559693175
4486617530
15641879
1577667570
76288384
101093029
3498157589
103625356
2312984882
4114589329
7492267690
3259225196
2862469183
2388533183
5859913309
5333578
4689717802
506367606
4061703371
263216826
2750709242
3827234336
3336759846
4463211241
1131155939
139765126
1278589645
1234817607
3586834355
1327764519
120778976
6532234215
2115525592
3926139835
2194466679
2450461962
500678178
4689831601
2095845115
247470711
201965684
122427967
4556218676
2201050079
1529044279
226697434
2505080204
2077433632
4861707754
313326614
1303157527
3799708677
38130732
3176072448
4980149155
3660361818
2134495868
2144678775
2338968043
2344412916
4808278005
979201222
2265106886
3186662364
2102422015
198456565
2525232298
3364202209
611910909
3217291172
138718600
230471791
4720263308
241346215
1325846369
426994291
3743157427
3994030417
2252918695
224203430
3469609037
2257238490
1005216151
2360194369
3735801713
6234467033
175077366
2244551043
2642688531
432248727
2849292029
201995559
2335071959
2974587819
129860826
4859274169
104669470
3550348169
2354834216
2943023421
3016244153
109738763
4401293680
3405011838
2060904593
1042020065
139818748
4545817148
3196100539
229352848
2494562446
2852673699
2269418002
1370773415
3703960010
3564007203
2734669176
4567351655
239453674
2474918824
2482097485
2049051050
5676123833
1683444418
4815043888
3371266735
1324816249
2461990494
3698993988
2710027673
1158505981
2542662402
6917516932
5005726260
4671529065
396458005
350443876
3266406566
2086678529
2412152032
488408004
209073498
2428912710
2176776800
2857372127
2575647360
4145726727
4540719607
4663401740
2911919938
3959371388
3965762928
2886533440
2347823813
2676937700
217330024
4079016275
3240475298
4107333458
206051614
3377344932
3781326288
241347547
4914994391
243162937
4917939779
2687529141
1522291943
2746943665
3714944415
1500989694
2413495734
2772784124
2268207503
506463864
2597958208
1394368714
463970752
2556650904
3627216820
4980433183
4268485193
4780479274
4865845932
247470609
1213336750
2437799265
3856963802
26758039
506115200
4718128553
2370275359
1269844288
1386994947
35505698
4934545750
2711197685
3093713234
253320564
2306603691
3178442303
154653766
2469495561
2000459828
160585932
1501438486
3318927181
4379561906
2591182004
2354925198
2503169353
1056338697
3592992234
4084139686
3871253919
216585846
2422635544
2537767592
2516172139
4925906360
2862306612
2677614492
2985439112
21833287
4692141852
465541156
2605095722
2148747441
241345596
84514007
2591455200
3232013957
3323528927
3485486737
164428441
4056514744
3896057129
2837908308
244571201
2255342813
2565567340
354854558
4756001299
2470519984
2931721215
3486154327
1368320477
2615623392
2231052760
2751612533
3537322
2444935470
3184738462
4689169924
4051308506
2497608431
3426933951
2504991916
4859018669
437917001
84819693
4054215174
2461641557
4166168198
26690039
2299859649
2629445284
3262301835
3123526484
4542690151
2985509443
113032513
2774025309
2480668859
2972999479
1094462889
160128865
1690350208
116382784
2321094365
2981702521
4807594495
309771854
264928854
136645716
413045343
3463852079
4258465084
1869615544
1754775147
4910057495
3328397409
4858277050
3731742056
3612485097
4105945751
2542282004
2256218522
1138784872
2567145979
3691394196
4755772583
107368840
166321294
2168021521
2178295140
4507548183
6692727651
3208020801
3528715437
18111123
2113124815
1009692167
2437266971
104136873
3711346809
2871691966
133267753
2339102058
4413446289
2540757246
4936899101
2588912438
111671162
3340575518
1095980313
146758244
2236851350
3368379417
2562347802
2338572904
3488894222
1015118661
3298547199
110695011
2498093487
1235681222
468102269
4819960206
4889181219
1414520123
3687062281
3635991166
2224790243
2428509475
4827261484
2473188198
208471765
6744212617
2334933083
4511764901
157616263
4840179259
446902008
3628184570
4973530552
4480972884
5523001543
3030015033
2171576939
4043319999
4452202808
1001465944
4868582683
3404870997
1832085044
4442387924
39024981
2101128963
3366904106
3623650392
2139519215
105493628
5574382134
3618932839
4505835829
45934206
1459032057
4986921677
4436781562
2317714088
4453784684
3808149060
5006721108
275176054
2647593678
3076446026
5726810305
2147623140
2250713748
3930187102
3562537872
4789959232
3005512395
161975117
3220399847
3127793607
4300949836
3088979938
454686980
3756150099
3965161439
110671345
2350687181
3204525212
127450902
2092197560
6505027097
3560620846
209274114
3106562372
1479028910
4274035185
2215975928
406248253
4167423873
192475213
129602216
2559503010
2474092890
325480786
2288988751
1412022357
141139674
2191329761
3338573401
4948224114
111061041
2987576188
3306464579
2555511067
2097403787
2249034258
7986682991
2377496811
223761052
3046431231
4191885641
7360542406
2841196844
4185776966
4435102887
3668413622
364369665
3285214689
2838920834
241347441
4339049202
388913235
4429773871
457625343
7348289414
407569668
2305313435
880220939
1814086703
3089862485
3290025108
2824004868
2230134548
2284239186
2601612082
4014757090
2676537026
2621771656
4834129500
6224759631
2098174172
3458379941
3468635612
1527333441
726414
2561751298
3212205166
4145970273
2721656220
2525805067
1088767354
2541583449
3242228425
4525819719
1013536888
254133261
1065831604
405051459
4784681859
4179301928
4931360505
1433154463
6839530214
3439064881
2576878141
2730819220
3541915243
3201666946
4635157412
2195419145
2151149988
2532262109
1438769690
2415402073
2057160636
3600909823
136358691
2457052334
2074835945
3013203854
2719557723
3732914946
3516935867
4931229672
1581304802
18378347
1873155511
944374205
4604151896
1889398867
3525332706
2103055320
321623905
3454051143
4941462036
4021497368
2339273772
2496399593
486712504
1763020597
4533366411
2786423708
160805827
4920749049
4626556918
2206594874
25589701
2151514290
2909081008
1394319096
7817954784
2502597417
5426416610
2757835392
2774554310
447686870
78058719
2737409349
4700233871
6231758027
2610183392
2905250733
2469878877
222310878
144328407
4330613254
2601775186
3441399292
1877935642
164622257
462725077
2126984420
3417788829
3017220118
179686689
2711209368
4725689830
465859490
268365231
2035511078
4235671794
3566225740
4925702921
2275214054
2516649032
3222032829
3126522868
4074803780
3103185190
3107513635
4361061763
757687868
6261354929
2064790732
416568642
134724228
3308997740
3205957766
4334697926
4480997710
3693297007
2282522980
3362592729
3075068274
131114016
2718376488
4939482606
254295381
173906610
3629489568
82681058
157955034
237212706
135992929
166779879
4931259260
2892244557
754852108
1145145003
2243728869
4824836686
464251704
2360371074
2097398349
4889242095
200771289
2366306683
4903291011
509264638
4527840050
1144865997
1570723692
1253264731
171133671
3455898176
4889806295
534318261
19023618
2654943319
3261712960
16626851
2435685480
3626325621
2067362863
4902698747
3070011270
3877444976
2448793019
5735645786
241346260
4328470369
4697314878
1010087623
3308171165
2911032463
2341850464
2241665783
2435804989
3374265095
278388986
2676648667
4190689959
1343787097
186758532
4673937284
2176364472
118897631
197107117
2660480624
2164665069
1989145280
2039457436
2057898230
250343744
258476074
4982208983
383918000
5731856709
4081110739
2854234756
185411054
228879479
2545363449
4756001285
481732592
2787372148
4111392499
4822103838
21138719
1482960952
2599307555
2112830327
3827185280
2403544744
3722540104
2638512789
1128230658
2245618207
3090593241
344398054
4739481821
57193495
2774362575
123501647
3280104292
3355683198
4912476644
3720129024
3275748918
4855045103
2599255633
493274225
6286343422
593244695
2932740428
226539616
150521539
5019568325
2447750378
12379850
2442648548
2387900324
2500551520
2771214516
186007260
518789868
2373234213
4475656804
2524066437
1082250005
207216904
2469158783
4046071738
3676788491
2274992140
2540751930
2387197355
7185642084
4773735551
3350671534
2580184589
2310126952
3779116045
2228361155
2421965120
2225231022
2199250692
2517553414
2595672128
421322723
2050956538
2519183562
4860408730
2862676319
205371152
2380740486
3647283075
189479565
180524168
1160441615
4591476340
2080033499
2201877660
94062798
3476381830
6042049207
1874520584
2040964486
3048211972
390899859
3459858555
2860035355
8179353896
2414390475
4655558667
1096800382
3918176647
3044745642
505837388
214543992
2141065212
2319963351
221063801
3751894413
130500771
2265096094
1733590931
1419062069
3470703538
2077649684
3745451546
2095007523
3437758644
3817884749
319750026
2309682355
2444741900
4944644486
2308491551
2102315758
2390134107
2481413714
2807030070
3057862887
7357208586
529821195
1299923168
4231933109
3556037801
3315250232
4895977486
2452686995
4897473911
398241464
4107474314
4376939715
3178183106
3288839246
2492258999
157490554
2753157857
1026792563
154362163
2889358507
2354914661
2132881811
4963615502
1391386453
4361156028
463978865
2168809436
3939554170
3126795109
4871324186
3520936130
229189301
4357695000
3335692531
2466420387
2503989120
3449846784
156967462
1388970365
2468921460
3345025842
4532518749
6247842442
2299558545
6273004053
4654264126
464670352
2180731945
3533660418
2218609886
227181630
1515883224
308014594
4894267064
2062425492
2513594933
2315973850
2341080150
330325191
5326507136
4696819207
3419197575
241346434
8206921
2378544134
213980367
5532294954
2326795765
1030985833
2992999413
4030623833
3932198441
1547327107
4705854511
195546059
3339747039
3394992905
470373679
2763601657
2715498311
2402462857
4653140129
3409506817
103205630
1745110280
1280320287
2720215226
159712188
3721082512
3467843559
143684568
3456075050
2120309245
3088922727
4406996649
3665569615
2061144717
6947639624
3584860179
2404560299
3910160149
4725695244
2643601560
3910331006
4555536027
2394237885
701383584
4926719517
1733676900
1436760519
7745071706
4689083291
2085284792
203792206
2710698257
4728172600
2285570521
247637795
105335409
109738916
6923312748
3186694070
1188199432
7430282012
2247174236
2080474604
4156088769
7024548211
2337578794
3571147934
2125356719
6548404801
4212403138
235834122
2993819041
2087764795
140430106
121197973
2339164918
4762813376
1732436777
1579198375
3047751696
3376225971
3215108916
1387443857
138043357
230016181
2821356536
3414155880
2705922148
2261169495
2350646648
173742923
289742991
4688493146
514102203
3284695268
4949430092
2397903687
1260816604
2339331195
4684591496
893808757
8443156
2467326012
378398142
4604403226
2315418282
67210694
275909509
211026975
8034136985
3583903436
2402744031
2087423271
409327234
1119034454
509200598
4981985159
1472550839
3362049454
3644945293
138475481
2196023570
140526327
2887171449
4174409888
491495182
4718120804
4633066958
110964272
3211556865
1252787177
4751249553
4535747403
251792066
3195969533
4545323253
318309410
3534376990
1394620454
4485496482
4966813714
4834131290
4502378197
4689510110
361831875
1398613231
3358621566
6143908469
3597715122
134283905
2502007071
4970493577
1945250762
2974501005
2366522060
304988555
358779007
1459582913
4349523799
10815824
1806580620
7849619682
1780262510
2290122740
143688283
2480158575
617999370
148314924
5381043991
2510560080
4097300324
3327487011
3383644877
3179223972
4603350261
3363342011
2443384834
4597269859
2311690895
224152690
96692346
1429561783
4862440150
128706819
2042915648
2612027851
4932279873
2464118785
4473826637
3214576889
3318207541
2445654384
3035785330
2210070009
3728164558
4890458723
2298661279
2537002791
153106887
5145970832
3395866552
3143754462
2724485630
3046312861
2366421102
2282600972
2839932205
3122773470
2149968397
4675170500
3632225464
2229737667
2162469360
3969245655
4970493587
241347803
4584341152
124880336
3258472448
640409060
1788886557
2856252334
3103705435
2079499010
4833918883
49695753
2630948997
4575508753
1394276597
2837799692
4780200205
2638887069
3213622536
1332208215
3562050678
58357057
1409969752
2802447198
4646507866
374103966
3455757720
2898304260
2461641877
112178718
3561639055
3221036999
2446928775
3352791995
3702038926
1316458112
130784506
3150666056
4928592495
1483574454
1335617803
4966118646
4022410703
1877141031
2497074804
2917057791
2107144323
4520518550
4354454868
384104693
4982224135
5757492662
41253213
1425919702
3474406285
7685032768
130211457
3019199755
303103123
2682382530
319938879
2890731828
3510695264
2242178517
6552971469
158982617
4344503313
4974363190
127489408
6166766593
3700739661
4357165525
2607383384
122634567
24710703
2181846120
8251170369
6039211337
2726887594
1597557856
2391094555
4093912245
5996795291
14377317
3043904009
4567985140
353418934
2359784186
4635783933
241347611
137444523
3598128992
22928793
509912302
4864024783
2385079235
162839055
226631401
4862927799
4450422489
207930963
2210065293
428973409
2272548482
1499928560
