218004295
3177468217
397014085
3382303178
3512003488
2271755053
3158929958
2730994020
3045613316
284587031
1251583490
1152274630
203701114
1332722096
4648362551
2230458748
2751694538
3006443200
4735200580
3179296090
4447440388
193657666
4453921617
5291335711
3775526174
278368851
3174919870
3827232520
1056338697
3094173565
2313598755
3635577874
3759993037
3410899419
3961790757
3046431231
214165084
15308702
4978965173
3796854356
3033668641
3576186562
311380477
3091338773
534570169
1335617803
2404488732
4776012984
2925556493
4886969953
2870875612
4444360528
4731948760
11533606
2557369301
476477265
6662272621
7670346550
374539133
3290744071
2642475077
4616293960
2624979508
2991771557
2638512789
7428316382
3701291852
478025924
8179353896
3019986034
2215875786
492210006
2524947025
3636936656
3156406419
3328289539
2881644926
4725695244
3247500085
7645700076
1244485675
241345639
3903142951
402840967
3399906919
4688978128
427355665
4638657067
4368366048
280511194
430292291
2989764675
3542484764
2774576003
136679463
165173293
4646507866
6141966747
4823873791
3016510194
2416297261
4748151833
2913345328
6556865251
3525453732
5498941021
3404784408
5241718422
2801146217
3220815683
2610447973
405692224
3681056426
385835044
4623271447
7541450008
4793317845
3725202807
3994222806
3531474185
2410399168
4563881172
212525046
2050067751
1019077836
531261613
4942732639
2605302858
3958553026
3646970605
2475300106
4934808425
27585638
2274849448
447510779
1813069437
3755306641
3508051251
2021613437
250406927
154501143
308452930
4260753296
5176080732
1365896144
4906044830
2245677806
3406409018
3603301825
3628829949
7757111016
623052035
4728183104
500113182
1028205764
2959581023
232874193
3171506111
464251704
3217910740
6924430850
315574711
6578870925
3282849143
4119723311
3624327440
3250604628
4295263796
4986907081
624215910
3088677667
6681942245
4520523965
4495033915
6586955019
4625676487
3783987753
4525293073
4648702866
4697485356
2804904604
7072093321
4348999958
3456488632
3957762825
3701509233
128396150
2092405046
3325578605
3738789925
3883110262
4444432883
3208553539
6147735412
4967261262
43194646
4771355927
5867606
4351764727
1316247213
8119830947
3143991972
3947686324
7348289414
4170813283
4032977916
314798927
3755455643
24761526
4267222130
6750572607
3444915662
4088608399
3560502528
5721250516
6209169496
4390538512
4761384077
390443039
3176278670
3465396606
2750154354
3441965806
8089662430
782401952
2972901053
5192430558
3772513423
2504007911
237650533
4688997422
3434755676
3240014971
2390383101
2377496811
1680126311
4740349041
28144507
863901193
4669966159
4671293009
4879725156
929679367
4022170842
4665880785
89253626
260392825
3505244422
218342358
122868800
370614244
5169120032
6441444261
1875237930
2826701936
3496410435
5829835806
3655176735
2709359730
4763738062
368650516
2537611154
2937713493
4761326634
4493008657
3344632789
3362871440
3299820401
6179396322
64974329
1319788022
2253938667
4827644296
3516087269
8042217958
532574313
2647166526
3556039987
3584860179
7671490798
1031973097
3722504168
3498192512
2481082525
3337945724
2483783092
2109038463
4560420776
4838943023
2227179257
4993253332
5637361857
2142457568
4918025501
6673047429
4646346574
3056784295
491964988
7996627802
2417341107
4735420253
863902615
3891014226
3077829432
4750121594
6808669924
4936169836
3605142079
4935241932
2241665783
4289389552
385811470
35158971
3239709584
4124718042
60617980
2638207727
7732305382
3634754655
2480333312
4872766179
4431674065
961611340
5418130134
452350636
3769486949
3679707139
178935935
112178718
7402359070
480017120
4817781260
75150121
4500116307
3307667255
557721978
2252613928
2500551520
461505235
2469158783
2516317118
3634828052
4516802179
3515665835
2745133868
403844559
3525841965
3549464203
7249180494
4762726189
2609133063
467420499
3325157569
3131107810
7558565322
4744178742
4857809566
2662840398
174466741
389643437
508074953
4507759822
2472980433
5969756753
5685007801
33394246
6411568125
2312746782
4021497368
3958612961
3133825703
283428775
2172570753
2396746868
3643684616
4703345907
2709044515
104136873
2647049174
267164457
2541483099
3893397403
1510669311
2097403787
3855279759
787907341
5249558588
2949353587
6206358780
1616016569
3376972502
6829733510
6956105362
535179217
3125158798
1932314876
3695517194
2635938723
3274879561
38138101
4512324065
2196050115
6853777359
3038182236
4138543712
3201427741
4289135695
244368383
3247341210
3492734013
3449114979
1414454789
467514961
6879494312
3665584336
2525228677
6288191752
1673911365
3183519385
4042423864
2735517817
3263497678
72940708
7974531210
3070036584
5087235703
4800150389
2203234266
3361630301
3023178539
92246314
3162045919
492862113
2980690446
3753939
319869052
3016741474
8081695451
51691739
851566221
76485985
2838688549
5971653128
3976147771
4703468060
4638840250
482882719
3553374585
2381583688
3111402233
4581221645
6210938762
283091793
7785430960
2632381125
4242032129
2579572274
2256320794
4690278994
2761600250
4448052901
3062145797
2610183392
5149869859
455611732
369567283
2697058141
2531924570
3392019836
4213107150
161669933
471402959
347922862
3089742441
2238166082
5831994264
3211210739
4813609768
4509404105
15085612
2522815171
4547256396
5307401202
4868221460
3116011063
3107513635
4451329664
4752482394
2711209368
482296873
911795495
4861870951
7300424828
4687695415
155215518
540503255
4591344824
3590739067
6056271620
320093980
2598979962
256439287
4813062340
3565840872
2813588204
2690274918
6735927053
4915367481
2119283186
4929903531
3329169877
4967219871
4799453443
4652878735
6078216754
3726980861
4719923434
249757010
3635911776
2452334314
139245992
2582211817
3337809183
3178525519
3060594966
3296150666
5455437647
1145770960
1474240647
235065283
515797344
2690016300
4868529902
2514581496
2871134110
2536792809
537579448
6536482681
283214657
67537437
2720985888
1339596997
7754455550
189940458
3275527950
2624457062
747209951
2559638792
324680301
4035527590
6148905552
3114664900
1403414927
3523474077
3425851292
3372022051
4463538995
2590493460
157910841
3188036349
4477683613
4445556540
5468626430
3806961324
2533424347
4775815811
397982550
4786187822
3750418259
2984961568
3198231851
4850355890
2485341434
3677613006
6139525250
4808564802
21954377
3936944273
7596569560
3605883553
2536993581
1131889107
2831672255
18171073
344403580
3275646864
4981855124
4483767237
6864033895
3335127933
2884092603
8196866291
2101748221
2267819545
7579008108
2247138288
3976211522
2288988751
1136758631
1517340899
4005120966
2346564851
2201734906
1511807116
4107333458
4607507068
6445655263
31292211
3584181690
2834451643
5923096321
6829605875
4785852807
6243067522
1170586898
4786170253
1433088025
64623852
4378806339
475042270
4750902396
4463205759
3454754632
4877551358
2747714500
3227578417
4721088452
4218979195
1187435567
6121757226
2866696346
124390903
7295359360
1437408671
4935686055
5377361
3085226474
96669857
3278777548
5559644896
4095229112
8018747908
4569593012
3457856049
2513060654
169490297
2994997667
381976882
384465575
2986716822
4201060050
4922420794
533979933
448252603
175077366
2102902012
2909982588
5947536593
1073145694
4671448513
3091010827
3359239598
82680989
4401074280
2346401538
216696529
2225231022
5400824262
969779007
408695996
3433567526
3797596279
2714674623
217460891
2904601886
2174648405
3541204170
3558370311
4444914032
3135504530
86120479
4668692006
216594524
2458269558
7166267522
4862594943
3471066276
482353373
241345427
4199589368
3572152466
4685218506
2959737718
4860102706
3606846822
2966269757
16397322
3372214646
7814014742
32627994
2404173027
2271955077
2423937824
4410353491
2969545002
3364258732
6906541132
1602852890
3589156060
4262509387
5262731925
4755695306
2774012125
4956585720
2537818472
418112325
1562478713
6216794312
2421116868
2748729903
3395867984
1937104503
2978735290
6234847349
7671969134
3344226994
2668179897
506367606
3293751136
58803866
170541548
1508269285
6493407251
4442488355
127149546
153374075
4375860427
2220612655
3870931650
418913834
597202368
4753414852
1164765687
314821286
248873392
2613021139
14220927
3239891140
4307968
2500567791
215214751
219843859
269361490
6979052552
365584746
4389771657
4535251327
4492480277
3711346809
4453631343
83440865
3663951804
335009007
358607894
4970865205
5117317939
6813886436
186890605
4519058738
4564193650
3842412009
303102907
380808487
5921627317
4431086360
3625537155
3901882052
468918320
572206753
6065327187
7924777738
442594271
2376878930
440166415
4741408547
4351584735
3419916411
4701971823
327997381
3332883133
2344323083
4103883293
59027529
3713632593
560278886
7360542406
2545363449
2406062461
395248604
4735812382
7007309854
838074897
2230983294
3046190891
3808954787
4769586761
4054108343
297725741
236788203
2620483456
5761090545
6491219799
4934536380
2936071706
4818678636
4888431749
4764604982
1400421768
7024546475
4792134256
24053752
344536009
4866398248
3119887967
3195969533
2524056664
2923605305
3412822878
473097535
1079274291
4609342954
4586925517
1248940539
2209496328
4660152902
6199648902
1302657647
15558523
2635023078
4622064391
1772859261
4820986969
4898264862
2735558076
3779596816
4754012569
4545183125
2555622234
422756764
3683644335
4319130149
4824029457
239316347
3302823368
3414770234
6818875863
3217374412
4982208983
1802509657
2534352312
2112072519
3514184232
2705099783
3549737248
3605047694
7847188372
5079930983
3157509153
3152317129
12393804
3572346664
3225880532
444057017
1432342377
8013541498
6524893225
2442648312
2820596638
3475756130
448679362
3052440036
4520504568
4143318041
3482974845
3205247535
431685475
3760010229
88486961
218211630
3288839246
7983188530
3087215978
2355098740
4954636046
3966071063
4154171895
4919196839
535830521
418667611
2527303359
263491786
4567984690
7397183064
190966995
461118477
160541986
4477743551
3655773435
70412305
2250580906
4862204000
427936315
3185371756
1801874841
1957683077
4566903518
8154705592
4860411702
4500680119
3178454823
4651562020
3257207516
1301140633
7380257738
3218889785
3315250232
486712504
336187979
4521860330
4435168569
3610683688
1419286010
8112171798
2999730677
4971580248
2142414731
2524066437
4013752334
4774944903
5911782297
530888330
7988239633
7556970798
4539324862
2062567933
4755080905
5982829174
505170905
5346389945
2468906010
3252050544
4328533349
2597483633
4615485077
3379639763
4299926208
4081110739
4653140129
2101457132
3163273640
3684562647
1659337157
3527325633
2390400553
3098824948
7237741388
485909472
2639766602
67110478
2795534813
2938852531
3219210794
4891383938
1112334131
3181701312
3105315670
2631553625
2894893895
5214344526
2763465196
5633096756
4868008430
3545652636
1801697440
4851214609
4957370596
3121219649
5769761872
5076211832
3177799416
4444452893
2537584620
3208074567
2560388887
2098174172
2896483502
2716457668
2354829523
376208936
2867968184
2075893362
3222142529
2268207503
1003428081
5436986554
462555896
4324717979
202029970
2280525192
4951841137
140770875
4862788297
2684322797
4851882232
4549977232
3259330901
3597687059
3868751073
2851198725
2616508003
5326961690
4608727143
2269418002
3156113206
3118425885
7309432042
3790112538
3454315016
1218456659
2550756380
2718027742
3600403707
6319547436
3708177171
29320312
3318021552
128755800
2966552760
1076503761
2778006073
121556607
2445968431
700884207
4604105970
496723149
2011797111
4542010975
433379122
3774622914
4721642270
4951049912
4720419009
4729478269
4266910970
291072638
7078153167
4963996609
15688683
3202592293
3365348059
1251716308
5823012892
2540972205
143237785
4922641559
2895580381
3121387465
7666764962
3213954789
2439031566
3444982197
3466353172
2770821714
2644206088
3123526484
2081615901
578910261
3274375509
3576536763
167063396
1732436777
2822148499
2831314869
2767567870
7553133572
101262930
7589467042
610825957
1414911626
6280386353
1394756978
4842876705
2726887594
4432988285
4178087308
7920482014
2986620935
415432946
3613175012
3338217927
2734219983
3980305243
4077359929
543712974
2653199219
6523161021
4524006530
1752454466
575853856
3203878596
3590557969
4971648651
4794844936
2925163296
3579842996
270809922
2470318576
49227122
1089181217
4526977553
7635753040
1956585457
538990552
2203286182
4561823639
2344898759
2778965398
3320304931
530661899
3287236038
4668777411
3279150949
3533484468
3139837262
3692084275
539750844
4796732957
4552874290
5491874786
3548411777
4957726897
288351324
3216926094
50158447
2288303942
3027206488
2272750492
5811788459
4582987099
3216762979
3532593368
3006217970
3002092962
3033210806
3341920567
2746877062
2249094622
450703803
7236814360
3848368547
2882402709
3260975858
3231276002
3060537675
1622115176
42637987
4106150526
7294645258
3722006169
299612419
2789238858
172327171
365849741
4928775496
3120266797
6296741028
3565021218
4971283602
4963339615
2955083038
2814050407
1577667570
161877800
7290145346
305749904
2886225006
2900274587
3658016590
403678611
3065082909
4467403927
2437798869
118309463
4282604922
465679403
2536933695
4477151008
4959315763
2730938963
6285562381
537479916
4547439172
3061481868
3490044563
42397423
3685373706
2647424395
7102120965
3398745929
3324962492
2726157819
876493846
351876121
5571017359
7032696983
2634334121
2802447198
2713036593
4963905246
511643051
2128327566
3401548798
3668734264
6847214834
2501595799
1798089612
489551372
3178371973
4738037333
2304444199
6935146937
3057432536
3613994164
5316250295
2037916421
150521539
5270960438
3404870997
2628745411
2658439322
3790770806
2434694631
3981073042
482098572
65567
5312974716
4752196886
2917843040
4847012655
4478669459
2863180332
4750874600
4444627632
3815075229
8002838345
1308617539
2975118353
5287405
3287904625
3848578709
2311401527
4688301633
1277743944
4846892973
2629402527
13478218
2573667207
4981399929
4858171330
4262694145
2219805467
6126962700
4910375558
3568505408
3549408779
151215569
4637051450
846070499
1387785218
219730733
244001457
3173690688
2616009069
3308018795
4464499575
288406480
3963770900
117919518
3319489465
2503996814
3745030498
536156200
3481411830
3112821789
3636193038
2378356400
2697909987
226456619
4725006515
52581560
473592754
1464745948
3829614604
3798412244
157245265
3247693965
837919879
4301236235
3678098428
2987142183
4838570484
4672366159
3495455782
2095078658
4270731854
3542771548
219288082
3937722644
1975531316
62565189
4730941218
2073964624
3305767464
442983801
276699720
4808499283
28318358
23008408
3025315215
25268657
6993511259
3085517960
2741051940
2213113526
449377293
3105691757
4772885285
2985509443
2657844508
1440465
2587846523
2502007071
535529555
2446846666
1429714512
3169591322
6420396169
3826499281
2549968784
2245019332
6273115722
4512171349
4450360841
2429272699
3640743904
2824401212
3231575742
3169777863
2846785268
218109620
191592626
3231675507
4114982977
4634063005
289939071
3676561090
116002648
1341077576
3564385317
3628698119
4406996649
4873126466
3855099747
3639428663
4781925272
156205911
4784988254
3468346269
4930620474
4924401216
6310122280
4789309483
4782307890
4609789441
3726935024
4720431530
36032318
537758332
215123993
4905053758
4063381040
3098336319
3008686231
4161099680
4981438692
170719224
1362276354
3596459539
4431540400
3944966088
7940321892
526619673
2182488373
5500695312
3069037969
4805896271
3454621502
2763767621
92289076
366713533
4623003058
3554391279
7820686892
3681324243
1034276567
3387661249
2260560631
3251646144
6899246013
143572368
2635908229
143446265
455777014
435054077
2172574039
4941738201
267821422
3069786374
2676648667
4881733837
3342125456
2428751994
4408862587
247470362
8036955015
4912431886
2573138540
2287887341
3239260246
2792212974
4740882835
4652063424
2119381199
2274602044
4879978524
3494034357
4552266067
3400889730
2339102058
115767961
7526370420
1517807181
3432730942
1794098993
6053187227
2422302286
1187593464
2859514376
3077781040
1218091024
2288314045
81788174
5330858932
4610973875
4030022254
2588912438
411863595
3490867290
4937201390
4954753241
7324774408
2347921097
2500028059
2507431891
4653229880
3821667323
228879479
4795241726
3880125306
287465694
458213442
2839953744
512031915
7376855592
1795151944
1429546659
3178599352
3718072512
489372715
249481696
7348146586
557101732
2667549961
2279729059
4985529499
2705103541
4869891965
3509711173
2502975562
454333157
4749605645
6586971629
2657643451
3564436847
358718746
3140452105
4730181452
3654366861
4751130789
2302747917
5676123833
2469638631
3030565991
4659955938
7004426503
6533934303
7544290736
4945148977
1154930578
165634708
1304100320
2136992638
3135980417
4768505553
2023529314
2924305507
3142787646
7888948740
3394750987
2992808092
4860714178
5633231430
493654365
2251992614
371910695
4757587296
2051194177
3631986552
2227599410
4830853179
53499099
4800121810
3486059684
3086387529
4323644214
4799652268
2332390060
3211199368
6652784337
3155390408
6636998629
2092425006
1968453344
3477712686
4629445758
3326249355
2877637572
5483441438
2299867034
1158255688
3328852290
6312211846
3821678223
4759710534
3772532605
4913055468
3377040300
4282385196
4803790464
2689869659
4678130554
2120411340
3110757763
3772446893
4305905601
473251659
7942863368
3978287285
2642624688
5914778546
3677702372
378503271
4661610976
55389857
2090387793
4531262467
366978558
2261962622
3396275223
3582814058
407008823
1344692842
2511794705
3256433677
4967475041
2290589734
7102122069
535309053
2668574576
274616931
695100510
3619316324
421316045
80835424
3475552729
3533394378
4814400575
6474564205
1399295078
4308849697
34453650
5491397203
4963263177
3608022021
1409064481
65298461
4015422919
2702682262
7175177764
289628492
1126450961
344205744
3377383984
4753175787
225157506
3861754914
3829206624
3152052954
862156271
33728078
2244171992
667626
5608476880
4785056855
4979293130
8043180155
3262104654
278002800
173227546
2727715687
927420680
4713122355
7309410500
2771971891
4212865709
2188192752
3043266735
2656110989
4908757525
27683428
1325846369
3149804151
2741802133
1496935683
47082665
1708957026
75204250
2555511067
1438632858
3689406025
4440322311
360509186
6586954247
2973355135
2598012140
257009770
4937650592
2230347683
3481884992
421153376
608257195
188576164
7357649904
4766164677
4801687164
130508055
4693832859
4953469320
3172239116
4885212423
6038122264
1404832008
239274377
7963978148
3008687165
3618504267
4495921495
746568292
4554601589
3726019124
4973035237
3014071227
184855171
1479679558
214501174
143680442
381764351
1348113612
83482568
2646577258
2335428699
6160193920
6078212486
4923601195
4945259269
1049955899
418619800
3049312788
4981651925
3329289652
4004004911
3314517351
3087230582
4758571023
2053006423
4755631633
4972166251
4876064704
19786861
1011572216
12238723
3308132698
2275029674
2562166462
1001633352
2468921460
4719894224
7385259738
2500864135
483136916
4448279884
209073498
3548358879
3364151356
5380411758
85707689
5858851
2708508967
2845084079
2211495714
6198220750
4654662119
4567351655
6911531738
3527373216
2192547226
3477778668
3289817083
4268878033
366454052
3681172959
157487936
3700004668
3057126570
278608022
7430272380
4267208325
3928046645
475739062
4623083754
4971517541
3287383259
180217379
1579798212
4674900927
2234018985
6486182665
4756060683
65852628
288038357
4691655601
3579686259
380527679
3793619579
1925434818
1479513774
3214333978
154871781
4550501222
1491016655
2862704719
4551426278
5016890643
2435518586
309493622
4611964104
3389037189
2524084967
3383037991
2561849813
3185409663
124195430
7758244914
424617460
544764927
3013203854
290629328
4295355954
6143908469
3021449235
854848076
525649435
2208310655
1278589645
4566219691
211829805
1196432301
4543568583
2255252910
439916996
2877503811
4315212557
4652396489
4320863128
7396385574
133312329
3674168459
3041170372
3606084228
3033686219
4941007356
1454678644
161158687
670609997
2077649684
3914720167
4864024783
3051082548
4727776685
5348464501
143684568
202174998
1072439304
4603713542
6995905943
4893568355
5386097747
2788933694
3541962817
2140305708
2564144246
3533775651
3640870001
358779007
2572609425
510372508
2708608951
2101128963
4666848560
171614657
4747299805
495055747
3157744152
18284727
380817690
4537327075
4932212272
3253257881
3034709132
6776555858
643684227
2611335633
2100816230
5416301879
4503476760
3651476768
4672171304
1413647425
2589241160
3455019076
3296715418
1021439420
2796120739
1410039760
3536561454
4756096571
3426675352
664470170
7558050532
40202068
3644142276
2144049642
3774816278
3603870481
2653063469
3402059145
706771512
312427606
3447759270
166695748
5303938013
2780105274
6865517328
7502965482
2586532797
114410209
2356574282
3120648767
85306246
3024022266
3382679230
3731803474
4744046556
507035997
2131716223
4833952388
3631136463
3476381830
4796658218
855430954
2493699743
4797050581
4410657516
3712720433
5536018957
2868324804
207857944
4775763666
4715971264
509200598
6273930630
4616477003
4805560739
1479028910
6476945291
4806596785
2212794589
2536510502
3072114570
5323049335
2545723691
4661621240
3210118347
7694340978
2595503905
3687215840
381748680
3093357135
3621329299
3379605465
4190689959
2229237521
2737873732
2340568853
3089842255
3847619635
228447922
284441196
3470696250
4342753575
146779920
2869653417
150598969
134283905
2085726719
148819644
4089583280
6337899496
4715216920
1056249424
2954965644
3332467180
7863357892
304295972
4722126574
4759514203
93270842
541046380
3517370470
4684623658
4510479045
2655196158
4540467837
4684591496
3460936621
1855352188
5056620714
3339558806
7989148541
3621064597
20971288
123866385
4564454239
3014609505
2112921744
7863806816
4653630277
1279461814
2856053254
5806219410
8161339447
260217340
4479254009
2268596214
2234910971
2658360285
473988700
2853743795
4951904588
4649891200
